h1 = 0.000180000000000007
h2 = 0.0000900000000000034

I(0.000180000000000007) = 1.11552161125404
I(0.0000900000000000034) = 1.11528713894631
Integral: 1.11520898151041
