h1 = 0.00000750000000000000
h2 = 0.00000600000000000000

I(0.00000750000000000000) = 206359839243.723
I(0.00000600000000000000) = 203724860671.642
Integral: 199040454321.275
