h1 = 3.92451400000000E-7
h2 = 1.96225700000000E-7

I(3.92451400000000E-7) = 1632323.42831930
I(1.96225700000000E-7) = 1632028.04288905
Integral: 1631929.58107896
