f(0) = 0.0
f(1/2) = 0.025
f(1) = 0.07
f(3/2) = 0.07
f(2) = 0.02
f(5/2) = 0.0
f(3) = 0.0
f(7/2) = 0.0
f(4) = 0.0
f(9/2) = 0.0005502645502645502

f(x) = 0.0005502645502645502*x*(x - 4)*(x - 7/2)*(x - 3)*(x - 5/2)*(x - 2)*(x - 3/2)*(x - 1)*(x - 1/2) + 0.02*x*(x - 3/2)*(x - 1)*(x - 1/2) + 0.07*x*(x - 1)*(x - 1/2) + 0.07*x*(x - 1/2) + 0.025*x
