Resultado do metodo de Runge-Kutta:
x = 0.00, y = [1.0, 0.0]
x = 0.10, y = [0.1*z + 1.0, 0.0666666666666667*e**0.05 + 0.0166666666666667*e**0.1 + 0.1*y + 0.0166666666666667]
x = 0.20, y = [0.2*z + 1.0, 0.0666666666666667*e**0.05 + 0.0333333333333333*e**0.1 + 0.0666666666666667*e**0.15 + 0.0166666666666667*e**0.2 + 0.2*y + 0.0166666666666667]
